0 0.382812 0.535417 0.093750 0.129167
0 0.360938 0.310417 0.093750 0.104167
0 0.367188 0.148958 0.087500 0.097917
0 0.239844 0.104167 0.092188 0.108333
0 0.323437 0.039583 0.075000 0.075000
0 0.429688 0.082292 0.087500 0.106250
0 0.563281 0.126042 0.082812 0.097917
0 0.584375 0.062500 0.040625 0.050000
0 0.517188 0.267708 0.093750 0.114583
0 0.632031 0.278125 0.098437 0.127083
0 0.769531 0.262500 0.101562 0.112500
0 0.897656 0.446875 0.120313 0.118750
0 0.690625 0.463542 0.100000 0.114583
0 0.787500 0.869792 0.121875 0.143750
