0 0.289844 0.528125 0.120313 0.143750
0 0.369531 0.378125 0.098437 0.097917
0 0.368750 0.221875 0.087500 0.102083
0 0.378906 0.052083 0.082812 0.095833
0 0.567187 0.144792 0.087500 0.102083
0 0.693750 0.189583 0.090625 0.095833
0 0.717187 0.479167 0.112500 0.129167
0 0.530469 0.436458 0.110937 0.131250
0 0.478125 0.573958 0.112500 0.127083
0 0.518750 0.841667 0.131250 0.166667
0 0.705469 0.723958 0.126562 0.160417
0 0.869531 0.713542 0.142187 0.168750
0 0.978906 0.642708 0.042188 0.131250
0 0.709375 0.366667 0.065625 0.079167
