0 0.114062 0.698958 0.131250 0.168750
0 0.085156 0.423958 0.107813 0.114583
0 0.237500 0.514583 0.112500 0.141667
0 0.360938 0.421875 0.109375 0.135417
0 0.440625 0.255208 0.090625 0.110417
0 0.272656 0.158333 0.076563 0.075000
0 0.578125 0.359375 0.100000 0.127083
0 0.619531 0.489583 0.104688 0.129167
0 0.450000 0.610417 0.115625 0.145833
0 0.523438 0.763542 0.078125 0.102083
0 0.723437 0.265625 0.109375 0.114583
0 0.785937 0.435417 0.093750 0.129167
0 0.934375 0.563542 0.100000 0.139583
0 0.865625 0.898958 0.134375 0.172917
0 0.678906 0.950000 0.132812 0.100000
