0 0.273438 0.281250 0.103125 0.137500
0 0.028125 0.276042 0.053125 0.106250
0 0.359375 0.262500 0.065625 0.108333
0 0.417187 0.309375 0.128125 0.147917
0 0.513281 0.230208 0.082812 0.093750
0 0.520312 0.375000 0.106250 0.129167
0 0.427344 0.427083 0.126562 0.145833
0 0.539062 0.501042 0.093750 0.131250
0 0.508594 0.805208 0.160938 0.227083
0 0.646094 0.559375 0.129688 0.147917
0 0.736719 0.425000 0.098437 0.079167
0 0.869531 0.540625 0.110937 0.160417
0 0.976562 0.795833 0.046875 0.129167
0 0.976562 0.626042 0.046875 0.068750
