0 0.153125 0.536458 0.137500 0.177083
0 0.275000 0.573958 0.162500 0.164583
0 0.186719 0.688542 0.114062 0.118750
0 0.408594 0.712500 0.179688 0.254167
0 0.302344 0.404167 0.151562 0.187500
0 0.478125 0.316667 0.137500 0.183333
0 0.568750 0.472917 0.162500 0.204167
0 0.611719 0.652083 0.117188 0.179167
0 0.736719 0.659375 0.145313 0.156250
0 0.800000 0.791667 0.143750 0.175000
0 0.809375 0.490625 0.121875 0.106250
0 0.664844 0.229167 0.123438 0.162500
0 0.506250 0.045833 0.131250 0.087500
0 0.911719 0.636458 0.145313 0.143750
