0 0.496875 0.912500 0.090625 0.091667
0 0.584375 0.852083 0.098437 0.104167
0 0.496875 0.816667 0.073438 0.081250
0 0.568750 0.727083 0.070312 0.104167
0 0.542188 0.645833 0.065625 0.062500
0 0.568750 0.606250 0.059375 0.062500
0 0.535937 0.568750 0.051562 0.062500
0 0.504687 0.697917 0.060937 0.072917
0 0.464062 0.658333 0.050000 0.060417
0 0.432812 0.552083 0.042188 0.052083
0 0.471875 0.512500 0.037500 0.043750
0 0.528125 0.487500 0.050000 0.050000
0 0.482812 0.468750 0.043750 0.058333
0 0.495312 0.420833 0.040625 0.035417
0 0.537500 0.441667 0.043750 0.050000
0 0.523438 0.379167 0.037500 0.039583
0 0.482812 0.343750 0.040625 0.052083
0 0.462500 0.302083 0.026562 0.033333
0 0.046875 0.389583 0.029687 0.039583
