0 0.464062 0.337500 0.035937 0.037500
0 0.482812 0.389583 0.051562 0.052083
0 0.532813 0.443750 0.043750 0.052083
0 0.487500 0.475000 0.043750 0.045833
0 0.498437 0.512500 0.048438 0.060417
0 0.550000 0.537500 0.046875 0.070833
0 0.484375 0.575000 0.065625 0.070833
0 0.542188 0.602083 0.057813 0.064583
0 0.545312 0.662500 0.062500 0.066667
0 0.476562 0.645833 0.053125 0.066667
0 0.496875 0.702083 0.064062 0.068750
0 0.423438 0.714583 0.064062 0.064583
0 0.560937 0.743750 0.067187 0.075000
0 0.601562 0.800000 0.075000 0.075000
0 0.571875 0.868750 0.081250 0.091667
0 0.465625 0.875000 0.073438 0.093750
0 0.514062 0.937500 0.090625 0.093750
0 0.606250 0.968750 0.085938 0.050000
