0 0.456250 0.331250 0.029687 0.037500
0 0.487500 0.310417 0.026562 0.031250
0 0.493750 0.343750 0.029687 0.037500
0 0.498437 0.393750 0.042188 0.041667
0 0.459375 0.406250 0.037500 0.043750
0 0.485938 0.475000 0.059375 0.066667
0 0.546875 0.554167 0.051562 0.066667
0 0.489063 0.595833 0.053125 0.058333
0 0.504687 0.664583 0.059375 0.070833
0 0.565625 0.695833 0.065625 0.072917
0 0.484375 0.756250 0.078125 0.089583
0 0.559375 0.812500 0.075000 0.081250
0 0.562500 0.895833 0.081250 0.083333
0 0.476562 0.889583 0.065625 0.091667
0 0.500000 0.958333 0.084375 0.075000
0 0.409375 0.968750 0.071875 0.052083
