0 0.475000 0.256250 0.025000 0.031250
0 0.489063 0.281250 0.028125 0.037500
0 0.518750 0.295833 0.028125 0.031250
0 0.526563 0.331250 0.028125 0.033333
0 0.484375 0.310417 0.020313 0.022917
0 0.490625 0.347917 0.032813 0.037500
0 0.526563 0.395833 0.032813 0.033333
0 0.523438 0.427083 0.028125 0.033333
0 0.503125 0.454167 0.035937 0.041667
0 0.476562 0.431250 0.037500 0.041667
0 0.501563 0.497917 0.040625 0.041667
0 0.495312 0.537500 0.050000 0.052083
0 0.551562 0.510417 0.062500 0.072917
0 0.564063 0.637500 0.062500 0.062500
0 0.470313 0.700000 0.064062 0.079167
0 0.535937 0.756250 0.065625 0.081250
0 0.545312 0.864583 0.085938 0.102083
0 0.487500 0.962500 0.098437 0.060417
