0 0.467187 0.272917 0.026562 0.035417
0 0.484375 0.302083 0.031250 0.039583
0 0.517188 0.327083 0.029687 0.039583
0 0.482812 0.343750 0.028125 0.031250
0 0.525000 0.370833 0.029687 0.035417
0 0.482812 0.389583 0.042188 0.039583
0 0.476562 0.420833 0.032813 0.033333
0 0.521875 0.404167 0.035937 0.043750
0 0.525000 0.456250 0.032813 0.039583
0 0.531250 0.506250 0.042188 0.045833
0 0.498437 0.537500 0.042188 0.054167
0 0.465625 0.512500 0.042188 0.054167
0 0.551562 0.554167 0.046875 0.050000
0 0.557813 0.629167 0.071875 0.079167
0 0.492188 0.616667 0.056250 0.058333
0 0.489063 0.679167 0.068750 0.079167
0 0.531250 0.735417 0.056250 0.072917
0 0.584375 0.829167 0.068750 0.091667
0 0.457813 0.927083 0.082812 0.110417
